    unsorted:	 1684.947532 1684.947532 1684.947532 1684.947532 1684.947532 1684.947532 1684.947532 1684.947532 1684.947532 1684.947532 0.02273364972 0.06705071011 0.1964345067 0.5044888625 0.4232321275 1.185056865 3.230821241 3.555555191 3.506617280 2.174725114 4.138964548 5.988916310 7.476799354 8.155907456 18.57565916 31.03944934 36.16115744 50.71844588 61.32586113 61.54755426 57.99747625 82.50663975 87.16519473 99.21590355 202.6413194 207.4063868 291.1464034 316.1360616 362.4454029 427.4812647 650.1986528 803.5345365 888.1143047 913.3339175 1611.138941 1887.601776 2001.875546 2702.283633 2711.037693 2681.779509 2364.778261 2893.464448 2930.097849 3014.088090 3092.826986 3194.786023 3317.919127 3439.998050 3415.531747 3744.979485 3828.002960 3967.845317 4150.922999 4388.009565 4871.394227 5022.804788 5324.667157 5672.472301 6041.691240 6011.908485 6253.269232 6540.756934 6947.893293 7518.905214 8253.288998 8371.213279 10172.13668 10645.99353 13677.38618 14035.88011 17731.27598 18325.49731 20792.37178 21422.16157 31865.16797 38360.39973 92096.60674 197241.4783 311374.7205 851334.7680 1795944.495 6525749.642
      sorted:	 0.02273364972 0.06705071011 0.1964345067 0.4232321275 0.5044888625 1.185056865 2.174725114 3.230821241 3.506617280 3.555555191 4.138964548 5.988916310 7.476799354 8.155907456 18.57565916 31.03944934 36.16115744 50.71844588 57.99747625 61.32586113 61.54755426 82.50663975 87.16519473 99.21590355 202.6413194 207.4063868 291.1464034 316.1360616 362.4454029 427.4812647 650.1986528 803.5345365 888.1143047 913.3339175 1611.138941 1684.947532 1684.947532 1684.947532 1684.947532 1684.947532 1684.947532 1684.947532 1684.947532 1684.947532 1684.947532 1887.601776 2001.875546 2364.778261 2681.779509 2702.283633 2711.037693 2893.464448 2930.097849 3014.088090 3092.826986 3194.786023 3317.919127 3415.531747 3439.998050 3744.979485 3828.002960 3967.845317 4150.922999 4388.009565 4871.394227 5022.804788 5324.667157 5672.472301 6011.908485 6041.691240 6253.269232 6540.756934 6947.893293 7518.905214 8253.288998 8371.213279 10172.13668 10645.99353 13677.38618 14035.88011 17731.27598 18325.49731 20792.37178 21422.16157 31865.16797 38360.39973 92096.60674 197241.4783 311374.7205 851334.7680 1795944.495 6525749.642
