    unsorted:	 1684.947532 1684.947532 1684.947532 1684.947532 1684.947532 1684.947532 1684.947532 1684.947532 1684.947532 1684.947532 0.02299541781 0.09017336578 0.2011361366 0.1580385334 1.311053970 1.258720969 1.890355061 2.978624954 4.434759485 4.281588242 5.074991830 5.411963999 6.913726110 8.164971430 34.08680072 34.61510361 32.57431651 24.15892223 43.58021536 52.87011073 58.69762880 83.94562834 111.0225597 125.0181319 202.4375832 205.1857736 235.6749780 283.2495966 342.6203964 429.7453273 539.6687807 836.2352914 885.2093428 1002.714497 1632.802113 1818.869992 1997.131506 2312.268687 2332.925671 2345.539395 2268.867836 2455.999312 2630.374697 2742.965216 2788.378022 2915.727886 2997.380829 3304.337230 3291.792466 3489.217625 3666.976247 3944.527527 4308.638316 4427.256862 4528.093903 4677.697388 5013.889952 5505.545628 5717.693467 6120.407779 6153.196385 6248.787459 6699.473302 7028.607484 8012.662994 8248.998804 9532.828643 10392.32436 12999.67565 13330.92476 16638.46032 17816.20465 18508.47834 22465.89634 34360.93412 36765.19550 90973.41669 197208.6189 297493.2817 719183.6444 1557042.667 5641378.832
      sorted:	 0.02299541781 0.09017336578 0.1580385334 0.2011361366 1.258720969 1.311053970 1.890355061 2.978624954 4.281588242 4.434759485 5.074991830 5.411963999 6.913726110 8.164971430 24.15892223 32.57431651 34.08680072 34.61510361 43.58021536 52.87011073 58.69762880 83.94562834 111.0225597 125.0181319 202.4375832 205.1857736 235.6749780 283.2495966 342.6203964 429.7453273 539.6687807 836.2352914 885.2093428 1002.714497 1632.802113 1684.947532 1684.947532 1684.947532 1684.947532 1684.947532 1684.947532 1684.947532 1684.947532 1684.947532 1684.947532 1818.869992 1997.131506 2268.867836 2312.268687 2332.925671 2345.539395 2455.999312 2630.374697 2742.965216 2788.378022 2915.727886 2997.380829 3291.792466 3304.337230 3489.217625 3666.976247 3944.527527 4308.638316 4427.256862 4528.093903 4677.697388 5013.889952 5505.545628 5717.693467 6120.407779 6153.196385 6248.787459 6699.473302 7028.607484 8012.662994 8248.998804 9532.828643 10392.32436 12999.67565 13330.92476 16638.46032 17816.20465 18508.47834 22465.89634 34360.93412 36765.19550 90973.41669 197208.6189 297493.2817 719183.6444 1557042.667 5641378.832
